can side:
intersection:
[INFO] [1707833025.253637]: Min steps: [0, 2, -4]
[INFO] [1707833025.255729]: Min steps counts: [14, 6, 5]
[INFO] [1707833025.257022]: Max steps: [2, 6, 1]
[INFO] [1707833025.258347]: Max steps counts: [4, 1, 3]
[INFO] [1707833025.259537]: [785, 795, 796, 805, 806, 807, 808, 810, 816, 817, 818, 819, 821, 831, 926, 927, 937, 938, 939, 948, 949, 950, 960, 961, 962, 963, 964, 1070, 1071, 1073, 1082]
global rotations:
[INFO] [1707841886.271779]: Indices of useless rotations: [0, 7, 8, 15, 29, 30, 31, 32, 33, 34, 37, 38, 39, 40, 41, 45, 46, 47, 48, 56, 69, 74, 75, 76, 80, 81, 82, 83, 87, 88, 89, 90, 95, 96, 97, 111, 118, 124, 125, 131, 132, 138, 139, 145, 146, 153, 160, 167, 174, 181, 188, 195, 201, 202, 208, 209, 215, 216, 223, 249, 250, 251, 256, 257, 264, 287, 297, 298, 299, 300, 303, 304, 305, 306, 336, 337]
[INFO] [1707841886.273325]: Number of rotations without results: 76
[INFO] [1707841886.275439]: Useless rotations list: [[-3, -3, -3], [-3, -2, -3], [-3, -2, -2], [-3, -1, -2], [-3, 1, -2], [-3, 1, -1], [-3, 1, 0], [-3, 1, 1], [-3, 1, 2], [-3, 1, 3], [-3, 2, -1], [-3, 2, 0], [-3, 2, 1], [-3, 2, 2], [-3, 2, 3], [-3, 3, 0], [-3, 3, 1], [-3, 3, 2], [-3, 3, 3], [-2, -2, -3], [-2, -1, 3], [-2, 0, 1], [-2, 0, 2], [-2, 0, 3], [-2, 1, 0], [-2, 1, 1], [-2, 1, 2], [-2, 1, 3], [-2, 2, 0], [-2, 2, 1], [-2, 2, 2], [-2, 2, 3], [-2, 3, 1], [-2, 3, 2], [-2, 3, 3], [-1, -2, 3], [-1, -1, 3], [-1, 0, 2], [-1, 0, 3], [-1, 1, 2], [-1, 1, 3], [-1, 2, 2], [-1, 2, 3], [-1, 3, 2], [-1, 3, 3], [0, -3, 3], [0, -2, 3], [0, -1, 3], [0, 0, 3], [0, 1, 3], [0, 2, 3], [0, 3, 3], [1, -3, 2], [1, -3, 3], [1, -2, 2], [1, -2, 3], [1, -1, 2], [1, -1, 3], [1, 0, 3], [2, -3, 1], [2, -3, 2], [2, -3, 3], [2, -2, 1], [2, -2, 2], [2, -1, 2], [2, 3, -3], [3, -3, 0], [3, -3, 1], [3, -3, 2], [3, -3, 3], [3, -2, -1], [3, -2, 0], [3, -2, 1], [3, -2, 2], [3, 3, -3], [3, 3, -2]]
[INFO] [1707841886.276983]: Usefull rotations list: [[-3, -3, -2], [-3, -3, -1], [-3, -3, 0], [-3, -3, 1], [-3, -3, 2], [-3, -3, 3], [-3, -2, -1], [-3, -2, 0], [-3, -2, 1], [-3, -2, 2], [-3, -2, 3], [-3, -1, -3], [-3, -1, -1], [-3, -1, 0], [-3, -1, 1], [-3, -1, 2], [-3, -1, 3], [-3, 0, -3], [-3, 0, -2], [-3, 0, -1], [-3, 0, 0], [-3, 0, 1], [-3, 0, 2], [-3, 0, 3], [-3, 1, -3], [-3, 2, -3], [-3, 2, -2], [-3, 3, -3], [-3, 3, -2], [-3, 3, -1], [-2, -3, -3], [-2, -3, -2], [-2, -3, -1], [-2, -3, 0], [-2, -3, 1], [-2, -3, 2], [-2, -3, 3], [-2, -2, -2], [-2, -2, -1], [-2, -2, 0], [-2, -2, 1], [-2, -2, 2], [-2, -2, 3], [-2, -1, -3], [-2, -1, -2], [-2, -1, -1], [-2, -1, 0], [-2, -1, 1], [-2, -1, 2], [-2, 0, -3], [-2, 0, -2], [-2, 0, -1], [-2, 0, 0], [-2, 1, -3], [-2, 1, -2], [-2, 1, -1], [-2, 2, -3], [-2, 2, -2], [-2, 2, -1], [-2, 3, -3], [-2, 3, -2], [-2, 3, -1], [-2, 3, 0], [-1, -3, -3], [-1, -3, -2], [-1, -3, -1], [-1, -3, 0], [-1, -3, 1], [-1, -3, 2], [-1, -3, 3], [-1, -2, -3], [-1, -2, -2], [-1, -2, -1], [-1, -2, 0], [-1, -2, 1], [-1, -2, 2], [-1, -1, -3], [-1, -1, -2], [-1, -1, -1], [-1, -1, 0], [-1, -1, 1], [-1, -1, 2], [-1, 0, -3], [-1, 0, -2], [-1, 0, -1], [-1, 0, 0], [-1, 0, 1], [-1, 1, -3], [-1, 1, -2], [-1, 1, -1], [-1, 1, 0], [-1, 1, 1], [-1, 2, -3], [-1, 2, -2], [-1, 2, -1], [-1, 2, 0], [-1, 2, 1], [-1, 3, -3], [-1, 3, -2], [-1, 3, -1], [-1, 3, 0], [-1, 3, 1], [0, -3, -3], [0, -3, -2], [0, -3, -1], [0, -3, 0], [0, -3, 1], [0, -3, 2], [0, -2, -3], [0, -2, -2], [0, -2, -1], [0, -2, 0], [0, -2, 1], [0, -2, 2], [0, -1, -3], [0, -1, -2], [0, -1, -1], [0, -1, 0], [0, -1, 1], [0, -1, 2], [0, 0, -3], [0, 0, -2], [0, 0, -1], [0, 0, 0], [0, 0, 1], [0, 0, 2], [0, 1, -3], [0, 1, -2], [0, 1, -1], [0, 1, 0], [0, 1, 1], [0, 1, 2], [0, 2, -3], [0, 2, -2], [0, 2, -1], [0, 2, 0], [0, 2, 1], [0, 2, 2], [0, 3, -3], [0, 3, -2], [0, 3, -1], [0, 3, 0], [0, 3, 1], [0, 3, 2], [1, -3, -3], [1, -3, -2], [1, -3, -1], [1, -3, 0], [1, -3, 1], [1, -2, -3], [1, -2, -2], [1, -2, -1], [1, -2, 0], [1, -2, 1], [1, -1, -3], [1, -1, -2], [1, -1, -1], [1, -1, 0], [1, -1, 1], [1, 0, -3], [1, 0, -2], [1, 0, -1], [1, 0, 0], [1, 0, 1], [1, 0, 2], [1, 1, -3], [1, 1, -2], [1, 1, -1], [1, 1, 0], [1, 1, 1], [1, 1, 2], [1, 1, 3], [1, 2, -3], [1, 2, -2], [1, 2, -1], [1, 2, 0], [1, 2, 1], [1, 2, 2], [1, 2, 3], [1, 3, -3], [1, 3, -2], [1, 3, -1], [1, 3, 0], [1, 3, 1], [1, 3, 2], [1, 3, 3], [2, -3, -3], [2, -3, -2], [2, -3, -1], [2, -3, 0], [2, -2, -3], [2, -2, -2], [2, -2, -1], [2, -2, 0], [2, -2, 3], [2, -1, -3], [2, -1, -2], [2, -1, -1], [2, -1, 0], [2, -1, 1], [2, -1, 3], [2, 0, -3], [2, 0, -2], [2, 0, -1], [2, 0, 0], [2, 0, 1], [2, 0, 2], [2, 0, 3], [2, 1, -3], [2, 1, -2], [2, 1, -1], [2, 1, 0], [2, 1, 1], [2, 1, 2], [2, 1, 3], [2, 2, -3], [2, 2, -2], [2, 2, -1], [2, 2, 0], [2, 2, 1], [2, 2, 2], [2, 2, 3], [2, 3, -2], [2, 3, -1], [2, 3, 0], [2, 3, 1], [2, 3, 2], [2, 3, 3], [3, -3, -3], [3, -3, -2], [3, -3, -1], [3, -2, -3], [3, -2, -2], [3, -2, 3], [3, -1, -3], [3, -1, -2], [3, -1, -1], [3, -1, 0], [3, -1, 1], [3, -1, 2], [3, -1, 3], [3, 0, -3], [3, 0, -2], [3, 0, -1], [3, 0, 0], [3, 0, 1], [3, 0, 2], [3, 0, 3], [3, 1, -3], [3, 1, -2], [3, 1, -1], [3, 1, 0], [3, 1, 1], [3, 1, 2], [3, 1, 3], [3, 2, -3], [3, 2, -2], [3, 2, -1], [3, 2, 0], [3, 2, 1], [3, 2, 2], [3, 2, 3], [3, 3, -1], [3, 3, 0], [3, 3, 1], [3, 3, 2], [3, 3, 3]]

