Object order for each training attempt.
1: chips can
2: bleach bottle
3: paper roll

26_02_2024_10_24:
fixed grasp pose:
[2, 1, 3, 3, 3, 1, 3, 2, 1, 2, 1, 2]
[2, 1, 3, 3, 3, 1, 3, 2, 1, 2, 1, 2]

continued training:
[1, 3, 1, 3, 2, 3, 2, 3, 1, 2, 2, 1]
[1, 3, 1, 3, 2, 3, 2, 3, 1, 2, 2, 1]

27_02_2024_12_38:
all fixed:
[1, 2, 3, 3, 2, 2, 1, 3, 1, 3, 1, 2]
[1, 2, 3, 3, 2, 2, 1, 3, 1, 3, 1, 2]

28_02_2024_10_08:
[1, 2, 3, 3, 1, 3, 2, 2, 1, 1, 2, 3]
[1, 2, 3, 3, 1, 3, 2, 2, 1, 1, 2, 3]

28_02_2024_13_15:
[1, 2, 3, 3, 1, 3, 2, 2, 1, 1, 2, 3]
[1, 2, 3, 3, 1, 3, 2, 2, 1, 1, 2, 3]

28_02_2024_17_09:
[3, 1, 2, 2, 1, 2, 3, 3, 1, 2, 1, 3]
[3, 1, 2, 2, 1, 2, 3, 3, 1, 2, 1, 3]

29_02_2024_13_37:
[1, 2, 3, 1, 3, 3, 2, 2, 2, 1, 3, 1]
[1, 2, 3, 1, 3, 3, 2, 2, 2, 1, 3, 1]

19_02_2024_15_34:
[1, 2, 3, 1, 3, 1, 2, 1, 2, 2, 3, 3]
[1, 2, 3, 1, 3, 1, 2, 1, 2, 2, 3, 3]
